A_41 = 6.87;
A_34 = 0.46;
A_31 = -10.6;
A_44 = -0.32;

lambda = -(A_41*A_34)/A_31 + A_44